# specify 1 workshop item id per line, ex:
# 494372396
# 441344649
1610992852
2650981989
2976666729
2976780755
660785987
1706157037
3122577708
573808557
2361070698
2360592869
539421606
547252823
587950516
2812274310
1091835405
588859229
3031845623
584176488
1317503170
740534444
2807326718
1971145850
827250713
546664071
1581081443
1720591879
1706110197
1714730252
1116819324
564946744
2499822344
1825774213
2597241334
3101188892
2040865450
585781036
3216931684
3217902795
1594165422
1357286083
